524.0
203.0
525.0
203.0
525.0
204.0
525.0
205.0
525.0
206.0
525.0
207.0
526.0
207.0
526.0
208.0
526.0
209.0
527.0
209.0
527.0
210.0
527.0
211.0
528.0
211.0
528.0
212.0
529.0
212.0
529.0
213.0
529.0
214.0
529.0
215.0
530.0
215.0
530.0
216.0
530.0
217.0
530.0
218.0
531.0
218.0
531.0
219.0
531.0
220.0
531.0
221.0
531.0
222.0
531.0
223.0
532.0
223.0
532.0
224.0
532.0
225.0
532.0
226.0
532.0
227.0
532.0
228.0
532.0
229.0
532.0
230.0
532.0
231.0
532.0
232.0
532.0
233.0
532.0
234.0
532.0
235.0
532.0
236.0
532.0
237.0
532.0
238.0
532.0
239.0
532.0
240.0
532.0
241.0
532.0
242.0
532.0
243.0
532.0
244.0
532.0
245.0
531.0
245.0
531.0
246.0
531.0
247.0
530.0
247.0
530.0
248.0
530.0
249.0
530.0
250.0
529.0
250.0
529.0
251.0
529.0
252.0
529.0
253.0
528.0
253.0
528.0
254.0
528.0
255.0
528.0
256.0
527.0
256.0
527.0
257.0
527.0
258.0
526.0
258.0
526.0
259.0
526.0
260.0
525.0
260.0
525.0
261.0
524.0
261.0
524.0
262.0
524.0
263.0
523.0
263.0
523.0
264.0
522.0
264.0
522.0
265.0
521.0
265.0
521.0
266.0
520.0
266.0
520.0
267.0
519.0
267.0
519.0
268.0
518.0
268.0
517.0
268.0
517.0
269.0
516.0
269.0
516.0
270.0
515.0
270.0
514.0
270.0
514.0
271.0
513.0
271.0
512.0
271.0
511.0
272.0
510.0
272.0
509.0
272.0
508.0
272.0
507.0
272.0
506.0
272.0
505.0
272.0
504.0
272.0
503.0
272.0
502.0
272.0
501.0
272.0
500.0
272.0
499.0
272.0
498.0
272.0
497.0
272.0
496.0
272.0
495.0
272.0
494.0
272.0
493.0
272.0
493.0
271.0
492.0
271.0
491.0
271.0
490.0
271.0
490.0
270.0
489.0
270.0
489.0
269.0
488.0
269.0
488.0
268.0
487.0
268.0
487.0
267.0
486.0
267.0
486.0
266.0
485.0
266.0
485.0
265.0
484.0
265.0
484.0
264.0
483.0
264.0
483.0
263.0
482.0
263.0
482.0
262.0
481.0
262.0
481.0
261.0
480.0
261.0
480.0
260.0
479.0
260.0
479.0
259.0
478.0
259.0
478.0
258.0
477.0
258.0
477.0
257.0
476.0
257.0
476.0
256.0
475.0
256.0
475.0
255.0
475.0
254.0
474.0
254.0
474.0
253.0
474.0
252.0
474.0
251.0
474.0
250.0
474.0
249.0
474.0
248.0
474.0
247.0
474.0
246.0
474.0
245.0
474.0
244.0
475.0
244.0
475.0
243.0
476.0
243.0
476.0
242.0
477.0
242.0
477.0
241.0
477.0
240.0
478.0
240.0
478.0
239.0
479.0
239.0
479.0
238.0
480.0
238.0
480.0
237.0
481.0
237.0
481.0
236.0
482.0
236.0
483.0
236.0
483.0
235.0
484.0
235.0
485.0
235.0
486.0
235.0
486.0
234.0
487.0
234.0
488.0
234.0
489.0
234.0
490.0
234.0
491.0
234.0
492.0
234.0
493.0
234.0
493.0
233.0
494.0
233.0
495.0
233.0
496.0
233.0
497.0
233.0
498.0
233.0
499.0
233.0
500.0
233.0
501.0
233.0
502.0
233.0
503.0
233.0
503.0
234.0
504.0
234.0
505.0
234.0
505.0
235.0
506.0
235.0
506.0
236.0
507.0
236.0
507.0
237.0
508.0
237.0
508.0
238.0
509.0
238.0
509.0
239.0
510.0
239.0
510.0
240.0
511.0
240.0
511.0
241.0
512.0
241.0
512.0
242.0
513.0
242.0
513.0
243.0
513.0
244.0
512.0
244.0
511.0
244.0
511.0
245.0
510.0
245.0
509.0
245.0
509.0
246.0
508.0
246.0
507.0
246.0
506.0
246.0
506.0
247.0
505.0
247.0
504.0
247.0
503.0
247.0
503.0
248.0
537.0
374.0
537.0
375.0
536.0
375.0
536.0
376.0
535.0
376.0
535.0
377.0
534.0
377.0
534.0
378.0
534.0
379.0
533.0
379.0
533.0
380.0
532.0
380.0
532.0
381.0
531.0
381.0
531.0
382.0
530.0
383.0
530.0
384.0
529.0
384.0
529.0
385.0
528.0
385.0
528.0
386.0
527.0
387.0
526.0
388.0
526.0
389.0
525.0
389.0
525.0
390.0
524.0
390.0
524.0
391.0
523.0
391.0
523.0
392.0
522.0
392.0
522.0
393.0
521.0
393.0
521.0
394.0
520.0
394.0
520.0
395.0
519.0
395.0
519.0
396.0
518.0
397.0
517.0
398.0
517.0
399.0
516.0
399.0
516.0
400.0
515.0
401.0
514.0
402.0
513.0
403.0
513.0
404.0
512.0
404.0
512.0
405.0
512.0
406.0
511.0
406.0
511.0
407.0
510.0
408.0
509.0
408.0
509.0
409.0
508.0
410.0
508.0
411.0
507.0
411.0
507.0
412.0
507.0
413.0
506.0
413.0
506.0
414.0
505.0
414.0
505.0
415.0
504.0
415.0
504.0
416.0
503.0
417.0
503.0
418.0
502.0
418.0
502.0
419.0
501.0
419.0
501.0
420.0
502.0
420.0
503.0
420.0
504.0
420.0
505.0
420.0
506.0
420.0
506.0
419.0
507.0
419.0
508.0
419.0
509.0
419.0
510.0
419.0
511.0
419.0
511.0
418.0
512.0
418.0
513.0
418.0
514.0
418.0
515.0
418.0
516.0
418.0
517.0
418.0
518.0
418.0
519.0
418.0
519.0
417.0
520.0
417.0
521.0
417.0
522.0
417.0
523.0
417.0
524.0
417.0
525.0
417.0
525.0
416.0
526.0
416.0
527.0
416.0
528.0
416.0
529.0
416.0
529.0
415.0
530.0
415.0
531.0
415.0
532.0
415.0
533.0
415.0
534.0
415.0
534.0
414.0
534.0
415.0
534.0
416.0
534.0
417.0
533.0
417.0
533.0
418.0
533.0
419.0
533.0
420.0
532.0
420.0
532.0
421.0
532.0
422.0
532.0
423.0
531.0
423.0
531.0
424.0
531.0
425.0
530.0
425.0
530.0
426.0
530.0
427.0
530.0
428.0
529.0
428.0
529.0
429.0
529.0
430.0
529.0
431.0
528.0
431.0
528.0
432.0
527.0
432.0
527.0
433.0
527.0
434.0
526.0
435.0
526.0
436.0
525.0
436.0
525.0
437.0
525.0
438.0
524.0
438.0
524.0
439.0
524.0
440.0
525.0
440.0
526.0
440.0
526.0
439.0
527.0
439.0
528.0
439.0
528.0
438.0
529.0
438.0
530.0
438.0
531.0
438.0
532.0
438.0
533.0
437.0
534.0
437.0
535.0
437.0
536.0
437.0
536.0
436.0
537.0
436.0
538.0
436.0
539.0
436.0
540.0
435.0
541.0
435.0
542.0
435.0
543.0
434.0
544.0
434.0
545.0
434.0
545.0
433.0
546.0
433.0
547.0
433.0
548.0
433.0
549.0
433.0
550.0
432.0
551.0
432.0
552.0
431.0
553.0
431.0
554.0
431.0
555.0
431.0
556.0
430.0
557.0
430.0
558.0
430.0
559.0
430.0
560.0
430.0
560.0
429.0
561.0
429.0
562.0
429.0
563.0
429.0
564.0
429.0
565.0
428.0
566.0
428.0
567.0
428.0
568.0
428.0
569.0
427.0
570.0
427.0
570.0
428.0
569.0
428.0
569.0
429.0
568.0
429.0
568.0
430.0
568.0
431.0
567.0
431.0
567.0
432.0
567.0
433.0
566.0
433.0
566.0
434.0
565.0
435.0
565.0
436.0
564.0
436.0
564.0
437.0
564.0
438.0
564.0
439.0
563.0
439.0
563.0
440.0
562.0
440.0
562.0
441.0
562.0
442.0
561.0
442.0
561.0
443.0
560.0
443.0
560.0
444.0
560.0
445.0
559.0
445.0
559.0
446.0
559.0
447.0
558.0
447.0
558.0
448.0
557.0
448.0
557.0
449.0
557.0
450.0
556.0
450.0
556.0
451.0
556.0
452.0
556.0
453.0
555.0
453.0
555.0
454.0
554.0
455.0
554.0
456.0
553.0
456.0
553.0
457.0
553.0
458.0
552.0
458.0
552.0
459.0
552.0
460.0
551.0
460.0
552.0
460.0
553.0
460.0
554.0
460.0
555.0
460.0
556.0
460.0
557.0
460.0
558.0
460.0
559.0
460.0
560.0
460.0
561.0
460.0
562.0
460.0
563.0
460.0
564.0
460.0
565.0
460.0
566.0
460.0
567.0
460.0
568.0
460.0
569.0
460.0
570.0
460.0
571.0
460.0
572.0
460.0
573.0
460.0
574.0
460.0
575.0
460.0
576.0
460.0
577.0
460.0
578.0
460.0
579.0
460.0
580.0
460.0
581.0
460.0
582.0
460.0
582.0
459.0
583.0
459.0
584.0
459.0
585.0
459.0
586.0
459.0
587.0
459.0
588.0
459.0
589.0
459.0
590.0
459.0
590.0
460.0
590.0
461.0
589.0
461.0
589.0
462.0
589.0
463.0
588.0
463.0
588.0
464.0
588.0
465.0
588.0
466.0
587.0
466.0
587.0
467.0
587.0
468.0
586.0
468.0
586.0
469.0
585.0
470.0
585.0
471.0
584.0
471.0
584.0
472.0
583.0
472.0
583.0
473.0
583.0
474.0
582.0
474.0
582.0
475.0
581.0
476.0
581.0
477.0
581.0
478.0
580.0
478.0
580.0
479.0
579.0
480.0
579.0
481.0
578.0
482.0
578.0
483.0
577.0
483.0
577.0
484.0
577.0
485.0
576.0
485.0
576.0
486.0
575.0
486.0
575.0
487.0
575.0
488.0
574.0
488.0
574.0
489.0
573.0
489.0
573.0
490.0
573.0
491.0
573.0
492.0
572.0
492.0
572.0
493.0
571.0
493.0
571.0
494.0
572.0
494.0
573.0
494.0
574.0
494.0
574.0
493.0
575.0
493.0
576.0
493.0
577.0
493.0
578.0
493.0
579.0
493.0
580.0
493.0
581.0
493.0
582.0
493.0
583.0
493.0
584.0
493.0
585.0
493.0
586.0
493.0
587.0
493.0
588.0
493.0
589.0
493.0
590.0
493.0
591.0
493.0
591.0
492.0
592.0
492.0
593.0
492.0
594.0
492.0
595.0
492.0
596.0
492.0
597.0
492.0
598.0
492.0
599.0
491.0
600.0
491.0
600.0
492.0
599.0
492.0
599.0
493.0
599.0
494.0
599.0
495.0
599.0
496.0
599.0
497.0
599.0
498.0
598.0
499.0
598.0
500.0
598.0
501.0
598.0
502.0
597.0
502.0
597.0
503.0
597.0
504.0
597.0
505.0
596.0
505.0
596.0
506.0
596.0
507.0
595.0
507.0
595.0
508.0
547.0
367.0
547.0
368.0
548.0
368.0
548.0
369.0
549.0
369.0
549.0
370.0
550.0
370.0
551.0
370.0
551.0
371.0
552.0
371.0
553.0
371.0
553.0
372.0
554.0
372.0
554.0
373.0
555.0
373.0
555.0
374.0
556.0
374.0
557.0
374.0
557.0
375.0
558.0
375.0
558.0
376.0
559.0
376.0
559.0
377.0
560.0
377.0
561.0
377.0
561.0
378.0
562.0
378.0
563.0
378.0
563.0
379.0
564.0
379.0
564.0
380.0
565.0
380.0
566.0
380.0
566.0
381.0
567.0
381.0
567.0
382.0
568.0
382.0
569.0
382.0
570.0
382.0
570.0
383.0
571.0
383.0
571.0
384.0
572.0
384.0
572.0
385.0
573.0
385.0
574.0
385.0
574.0
386.0
574.0
387.0
575.0
387.0
576.0
387.0
576.0
388.0
577.0
388.0
577.0
389.0
578.0
389.0
579.0
389.0
579.0
390.0
580.0
390.0
580.0
391.0
581.0
391.0
581.0
392.0
582.0
392.0
583.0
392.0
583.0
393.0
584.0
393.0
585.0
394.0
586.0
394.0
586.0
395.0
587.0
395.0
587.0
396.0
588.0
396.0
589.0
396.0
589.0
397.0
590.0
397.0
590.0
398.0
591.0
398.0
592.0
398.0
592.0
399.0
593.0
399.0
593.0
400.0
594.0
400.0
595.0
400.0
595.0
401.0
596.0
401.0
597.0
401.0
597.0
402.0
598.0
402.0
598.0
403.0
599.0
403.0
600.0
403.0
600.0
404.0
601.0
404.0
601.0
405.0
602.0
405.0
602.0
406.0
603.0
406.0
603.0
407.0
604.0
407.0
604.0
408.0
605.0
408.0
606.0
408.0
606.0
409.0
607.0
409.0
607.0
410.0
608.0
410.0
609.0
410.0
609.0
411.0
610.0
411.0
610.0
412.0
611.0
412.0
611.0
413.0
612.0
413.0
613.0
413.0
613.0
414.0
614.0
414.0
614.0
415.0
615.0
415.0
616.0
415.0
616.0
416.0
617.0
416.0
618.0
416.0
618.0
417.0
619.0
417.0
620.0
417.0
620.0
418.0
621.0
418.0
621.0
419.0
622.0
419.0
623.0
419.0
624.0
419.0
624.0
420.0
625.0
420.0
625.0
421.0
626.0
421.0
627.0
421.0
627.0
422.0
417.0
276.0
417.0
277.0
417.0
278.0
417.0
279.0
417.0
280.0
417.0
281.0
418.0
281.0
418.0
282.0
418.0
283.0
418.0
284.0
418.0
285.0
419.0
285.0
419.0
286.0
419.0
287.0
419.0
288.0
420.0
288.0
420.0
289.0
420.0
290.0
420.0
291.0
420.0
292.0
420.0
293.0
420.0
294.0
420.0
295.0
420.0
296.0
421.0
296.0
421.0
297.0
421.0
298.0
421.0
299.0
421.0
300.0
421.0
301.0
421.0
302.0
421.0
303.0
421.0
304.0
421.0
305.0
421.0
306.0
421.0
307.0
421.0
308.0
421.0
309.0
421.0
310.0
421.0
311.0
421.0
312.0
421.0
313.0
421.0
314.0
421.0
315.0
420.0
315.0
420.0
316.0
420.0
317.0
420.0
318.0
420.0
319.0
420.0
320.0
420.0
321.0
420.0
322.0
420.0
323.0
421.0
323.0
421.0
324.0
421.0
325.0
421.0
326.0
421.0
327.0
421.0
328.0
421.0
329.0
418.0
272.0
419.0
272.0
419.0
273.0
420.0
273.0
421.0
273.0
421.0
274.0
422.0
274.0
423.0
274.0
424.0
274.0
425.0
274.0
425.0
275.0
426.0
275.0
427.0
275.0
427.0
276.0
428.0
276.0
429.0
276.0
430.0
276.0
431.0
276.0
432.0
276.0
433.0
276.0
433.0
277.0
434.0
277.0
435.0
277.0
436.0
277.0
437.0
277.0
438.0
277.0
439.0
277.0
440.0
277.0
441.0
277.0
442.0
277.0
443.0
277.0
444.0
277.0
445.0
277.0
446.0
277.0
447.0
277.0
448.0
277.0
449.0
277.0
450.0
277.0
451.0
277.0
451.0
278.0
451.0
279.0
451.0
280.0
451.0
281.0
451.0
282.0
451.0
283.0
451.0
284.0
451.0
285.0
451.0
286.0
451.0
287.0
451.0
288.0
451.0
289.0
451.0
290.0
452.0
290.0
452.0
291.0
452.0
292.0
452.0
293.0
452.0
294.0
452.0
295.0
452.0
296.0
452.0
297.0
452.0
298.0
452.0
299.0
453.0
299.0
453.0
300.0
454.0
300.0
455.0
300.0
456.0
300.0
457.0
300.0
458.0
300.0
459.0
300.0
460.0
300.0
461.0
300.0
462.0
300.0
463.0
300.0
464.0
300.0
465.0
300.0
466.0
300.0
467.0
300.0
468.0
300.0
469.0
300.0
470.0
300.0
473.0
300.0
474.0
300.0
475.0
300.0
476.0
300.0
477.0
300.0
478.0
300.0
479.0
300.0
479.0
301.0
464.0
264.0
465.0
264.0
466.0
264.0
467.0
264.0
468.0
264.0
469.0
264.0
470.0
264.0
470.0
263.0
245.0
324.0
245.0
325.0
245.0
326.0
245.0
327.0
246.0
327.0
246.0
328.0
246.0
329.0
247.0
329.0
247.0
330.0
247.0
331.0
248.0
331.0
248.0
332.0
249.0
332.0
249.0
333.0
249.0
334.0
250.0
334.0
250.0
335.0
250.0
336.0
250.0
337.0
251.0
337.0
251.0
338.0
252.0
338.0
252.0
339.0
253.0
339.0
253.0
340.0
253.0
341.0
254.0
341.0
254.0
342.0
255.0
342.0
255.0
343.0
256.0
343.0
256.0
344.0
256.0
345.0
257.0
345.0
257.0
346.0
258.0
346.0
258.0
347.0
258.0
348.0
259.0
348.0
259.0
349.0
259.0
350.0
260.0
350.0
260.0
351.0
261.0
351.0
261.0
352.0
262.0
352.0
262.0
353.0
262.0
354.0
263.0
354.0
263.0
355.0
264.0
355.0
264.0
356.0
264.0
357.0
265.0
357.0
265.0
358.0
266.0
358.0
266.0
359.0
266.0
360.0
267.0
360.0
267.0
361.0
267.0
362.0
268.0
362.0
268.0
363.0
268.0
364.0
269.0
364.0
269.0
365.0
269.0
366.0
269.0
367.0
269.0
368.0
270.0
368.0
270.0
369.0
270.0
370.0
271.0
370.0
271.0
371.0
271.0
372.0
271.0
373.0
271.0
374.0
271.0
375.0
272.0
375.0
272.0
376.0
272.0
377.0
272.0
378.0
273.0
378.0
273.0
379.0
273.0
380.0
274.0
380.0
274.0
381.0
274.0
382.0
274.0
383.0
275.0
383.0
275.0
384.0
276.0
384.0
276.0
385.0
276.0
386.0
277.0
386.0
277.0
387.0
278.0
387.0
278.0
388.0
278.0
389.0
279.0
389.0
279.0
390.0
280.0
390.0
280.0
391.0
280.0
392.0
281.0
392.0
281.0
393.0
282.0
393.0
282.0
394.0
282.0
395.0
283.0
395.0
283.0
396.0
284.0
396.0
284.0
397.0
285.0
397.0
285.0
398.0
286.0
398.0
286.0
399.0
287.0
399.0
287.0
400.0
288.0
400.0
482.0
25.0
482.0
26.0
483.0
26.0
484.0
26.0
484.0
27.0
485.0
27.0
485.0
28.0
486.0
28.0
486.0
29.0
487.0
29.0
487.0
30.0
488.0
30.0
488.0
31.0
489.0
31.0
490.0
31.0
490.0
32.0
491.0
32.0
491.0
33.0
492.0
33.0
492.0
34.0
493.0
34.0
493.0
35.0
493.0
36.0
494.0
36.0
494.0
37.0
495.0
37.0
495.0
38.0
496.0
38.0
497.0
38.0
497.0
39.0
498.0
39.0
498.0
40.0
499.0
40.0
500.0
40.0
500.0
41.0
501.0
41.0
501.0
42.0
502.0
42.0
503.0
42.0
503.0
43.0
504.0
43.0
505.0
43.0
505.0
44.0
506.0
44.0
507.0
44.0
507.0
45.0
508.0
45.0
508.0
46.0
509.0
46.0
510.0
46.0
510.0
47.0
511.0
47.0
511.0
48.0
512.0
48.0
512.0
49.0
513.0
49.0
514.0
49.0
514.0
50.0
515.0
50.0
516.0
50.0
517.0
50.0
517.0
51.0
518.0
51.0
518.0
52.0
519.0
52.0
519.0
53.0
520.0
53.0
521.0
53.0
521.0
54.0
522.0
54.0
522.0
55.0
523.0
55.0
524.0
55.0
524.0
56.0
525.0
56.0
525.0
57.0
526.0
57.0
527.0
57.0
527.0
58.0
528.0
58.0
528.0
59.0
529.0
59.0
530.0
59.0
530.0
60.0
531.0
60.0
531.0
61.0
532.0
61.0
533.0
61.0
533.0
62.0
534.0
62.0
534.0
63.0
535.0
63.0
536.0
64.0
537.0
64.0
538.0
64.0
538.0
65.0
539.0
65.0
539.0
66.0
540.0
66.0
540.0
67.0
541.0
67.0
542.0
67.0
542.0
68.0
542.0
69.0
543.0
69.0
544.0
69.0
544.0
70.0
545.0
70.0
545.0
71.0
546.0
71.0
547.0
71.0
547.0
72.0
548.0
73.0
549.0
73.0
549.0
74.0
550.0
74.0
550.0
75.0
551.0
75.0
551.0
76.0
552.0
76.0
552.0
77.0
553.0
77.0
553.0
78.0
554.0
78.0
555.0
78.0
555.0
79.0
556.0
79.0
557.0
79.0
557.0
80.0
558.0
80.0
559.0
81.0
560.0
81.0
561.0
81.0
561.0
82.0
562.0
82.0
563.0
82.0
564.0
82.0
564.0
83.0
565.0
83.0
566.0
83.0
566.0
84.0
567.0
84.0
567.0
85.0
568.0
85.0
569.0
85.0
569.0
86.0
570.0
86.0
571.0
86.0
571.0
87.0
572.0
87.0
573.0
87.0
574.0
87.0
574.0
88.0
575.0
88.0
576.0
88.0
576.0
89.0
577.0
89.0
578.0
89.0
579.0
89.0
579.0
90.0
580.0
90.0
581.0
90.0
582.0
90.0
583.0
90.0
584.0
90.0
585.0
90.0
586.0
90.0
587.0
90.0
588.0
90.0
589.0
90.0
589.0
91.0
590.0
91.0
591.0
91.0
592.0
91.0
593.0
91.0
594.0
91.0
595.0
91.0
595.0
92.0
596.0
92.0
597.0
92.0
598.0
92.0
599.0
92.0
599.0
93.0
600.0
93.0
601.0
93.0
601.0
94.0
602.0
94.0
603.0
94.0
603.0
95.0
604.0
95.0
604.0
96.0
605.0
97.0
605.0
98.0
606.0
98.0
606.0
99.0
607.0
99.0
607.0
100.0
608.0
101.0
608.0
102.0
528.0
59.0
528.0
60.0
528.0
61.0
527.0
61.0
527.0
62.0
527.0
63.0
527.0
64.0
527.0
65.0
527.0
66.0
527.0
67.0
527.0
68.0
527.0
69.0
527.0
70.0
526.0
70.0
526.0
71.0
526.0
72.0
525.0
72.0
525.0
73.0
543.0
56.0
544.0
56.0
545.0
56.0
546.0
56.0
546.0
57.0
547.0
57.0
548.0
57.0
549.0
57.0
550.0
57.0
551.0
57.0
552.0
57.0
553.0
57.0
554.0
57.0
555.0
57.0
556.0
57.0
557.0
57.0
558.0
57.0
559.0
57.0
560.0
57.0
560.0
58.0
561.0
58.0
562.0
58.0
563.0
58.0
564.0
58.0
565.0
58.0
566.0
58.0
567.0
58.0
568.0
58.0
569.0
58.0
569.0
57.0
570.0
57.0
571.0
57.0
572.0
57.0
573.0
57.0
573.0
56.0
573.0
55.0
573.0
54.0
573.0
53.0
573.0
52.0
573.0
51.0
573.0
50.0
573.0
49.0
573.0
48.0
572.0
47.0
572.0
46.0
572.0
45.0
572.0
44.0
572.0
43.0
571.0
42.0
571.0
41.0
571.0
40.0
571.0
39.0
570.0
39.0
570.0
38.0
570.0
37.0
570.0
36.0
569.0
36.0
569.0
35.0
569.0
34.0
569.0
33.0
568.0
32.0
568.0
31.0
568.0
30.0
567.0
30.0
567.0
29.0
567.0
28.0
567.0
27.0
566.0
27.0
566.0
26.0
566.0
25.0
566.0
24.0
565.0
24.0
565.0
23.0
565.0
22.0
564.0
22.0
564.0
21.0
564.0
20.0
564.0
19.0
563.0
19.0
563.0
18.0
564.0
18.0
564.0
19.0
565.0
19.0
565.0
20.0
566.0
20.0
566.0
21.0
567.0
21.0
568.0
21.0
569.0
21.0
569.0
22.0
570.0
22.0
571.0
22.0
572.0
23.0
573.0
23.0
574.0
23.0
575.0
24.0
576.0
24.0
577.0
24.0
577.0
25.0
578.0
25.0
579.0
25.0
580.0
25.0
581.0
25.0
581.0
26.0
582.0
26.0
583.0
26.0
584.0
27.0
585.0
27.0
586.0
27.0
586.0
28.0
587.0
28.0
588.0
28.0
589.0
28.0
590.0
29.0
591.0
29.0
592.0
29.0
592.0
30.0
593.0
30.0
594.0
30.0
595.0
30.0
596.0
30.0
596.0
31.0
597.0
31.0
598.0
31.0
599.0
31.0
600.0
32.0
601.0
32.0
602.0
32.0
602.0
33.0
603.0
33.0
604.0
33.0
605.0
33.0
606.0
33.0
606.0
34.0
607.0
34.0
608.0
34.0
609.0
34.0
610.0
35.0
611.0
35.0
612.0
35.0
613.0
35.0
613.0
36.0
614.0
36.0
615.0
36.0
615.0
35.0
615.0
34.0
615.0
33.0
615.0
32.0
615.0
31.0
615.0
30.0
615.0
29.0
615.0
28.0
615.0
27.0
615.0
26.0
615.0
25.0
615.0
24.0
615.0
23.0
615.0
22.0
615.0
21.0
615.0
20.0
615.0
19.0
615.0
18.0
615.0
17.0
615.0
16.0
615.0
15.0
615.0
14.0
615.0
13.0
615.0
12.0
615.0
11.0
615.0
10.0
615.0
9.0
152.0
429.0
153.0
429.0
153.0
430.0
154.0
430.0
154.0
431.0
155.0
431.0
155.0
432.0
156.0
432.0
157.0
432.0
157.0
433.0
158.0
433.0
159.0
433.0
159.0
434.0
158.0
434.0
